0 0.476695 0.516949 0.436441 0.305085
0 0.658898 0.861582 0.487288 0.276836
0 0.237288 0.755650 0.457627 0.274011
0 0.811441 0.675141 0.377119 0.282486
0 0.841102 0.444915 0.317797 0.240113
0 0.644068 0.300847 0.279661 0.194915
0 0.328390 0.296610 0.360169 0.209040
0 0.076271 0.300847 0.144068 0.211864
0 0.129237 0.518362 0.250000 0.211864
0 0.862288 0.255650 0.275424 0.177966
0 0.639831 0.145480 0.271186 0.155367
0 0.391949 0.179379 0.250000 0.127119
0 0.152542 0.108757 0.296610 0.211864
0 0.355932 0.069209 0.271186 0.132768